99
2525 1
2400 5
300 2
120 60
60 90
1000000000 2
999999997 2
999999996 3
1000000000 1
1 10000
971953561 1
63379173 9839
642380823 1
391473682 6382
396891203 1
179491886 8315
1000000000 2
999000000 1
998000000 1
149921208 1
701236 2273
1000000000 1
999999999 1
53350023 1
27706507 6766
200000 2
5001 1
5000 2
194794916 1
85591761 2947
58490343 1
25823680 8097
509111439 1
231663427 6588
199856670 1
90604505 3229
373239369 1
235182574 703
245961065 1
55944508 8156
611050466 1
384778091 6307
380852537 1
262473250 2224
594069268 1
108530670 6031
106941969 1
14925750 5647
1000000000 2
2 2
1 3
335932559 1
263684541 5516
2 1
1 1
453618341 1
73215255 3596
137588623 1
27774258 1382
1000000000 1
999999999 10000
584872061 1
158954297 1734
203457067 1
150966952 9483
339362737 1
158202220 6438
673581426 1
609873166 8760
187825737 1
104700516 7043
7296365 1
5394309 1693
1000000000 2
999000000 10000
998000000 10000
353075436 1
348850990 8465
271181458 1
172314669 3921
417795844 1
228041259 5883
364480321 1
237132026 794
19448113 1
9415814 3287
188643498 1
67487578 8160
38740709 1
746456 388
33570477 1
20141431 8595
230543801 1
121884103 9738
1000000000 2
200 10000
100 10000
273045428 1
66109882 1980
71124634 1
51868243 8062
383816342 1
58233310 8264
2 1
1 10000
496491318 1
108664001 7677
175028480 1
164019722 8194
515316401 1
203220087 869
380238545 1
162538556 1694
921445138 1
745036046 3093
778731685 1
610071854 2213
795295048 1
194399529 1783
529377373 1
349541805 9609
1000000000 2
999999997 3
999999998 2
939534421 1
43126271 9727
127391558 1
49774339 59
466382259 1
270616404 4711
203677163 1
50530102 7630
37159543 2
1589696 4794
9837380 6933
777194903 1
732039304 964
519363401 1
490189131 638
55802816 1
18617857 4493
627988651 1
297858365 8588
56023324 1
30844188 16
851429313 1
842282173 2454
960509032 2
960290938 9109
717561633 3989
401417896 1
130581948 6088
815720368 1
613107243 588
403971373 1
72575483 5443
590011985 1
480271555 3264
1000000000 2
999999999 2
999999998 3
513531942 1
26706973 5397
727649559 1
336482679 8421
185317577 1
27139305 2323
53346905 1
23939028 3157
858079795 1
22777159 9470
693228594 1
52686010 2530
207549216 1
69742556 5540
562119707 1
66615193 3953
967692499 1
575825458 4106
1000000000 1
1 1
471872452 1
177921114 2885
1000000000 2
12345676 2
12345675 3
134972798 1
64584465 1324
745194480 1
630617635 5926
733857523 1
366771228 7979
849604285 1
678733101 9013
68622767 1
62708633 4692
716649707 1
367414116 5103
816980477 1
618086552 8110
742343528 1
512514105 878
11771676 1
3066262 8619
629226195 1
112467672 6936
363936797 1
318876450 9469
670672506 1
667768094 1718
