Case #1:
10011001011000011011101110000101 3 8 5 3 7 16 3 704 11
11110010100010011011101101110011 21 19 1993 21 21266317 821 3 7 11173
10010011100001111111110000000111 14101 241117 11 733 11 13 11 17489 684718258303
10001100101110011011000100111001 21491 2 23 7 544199 2 4831 8 8856165607
11110011111000101101000110001011 11 2 3 7 4703 3 258827 2 3
10110110000001100111110111010111 3 5 11 3 468883336153 557 3 43 1151
11110001100000111111001101110111 113 2 13 32 5 2 3900240686233 4 12169
11111100100111111111111011010001 19 7 1307 131 17 271 2339 17 7
10111011000100001110010000100001 6959 5 3749 53 51217 29 5 1229 8219
10110100001000011110111111011001 3 44 3 3 7 3 3 2 3
10001010011110111011101111100011 3 2 7 3 5 2 3 4 23
10000111110010001000001101000111 3 7 25 3 7 8 21 2 7
11001110000010110001010101110101 11 44 83 7 37 4 5 64 101
10101111010001000100001101110101 61 4 283 8 705167 4 6324553 32 66889
10000101100111011001111100100111 23 7 3 2 14525281 3 127 2 21
11101011100111001111010100110011 3 16 5 3 7 64 3 4 11
11011101100100001001000100110011 3 11 3 3 5 3 3 233 3
10010110011100011010010100010001 25 32 169 2 19 4 7 2 331
11110010111100100100000000000101 7 11 67 43 9547 173 5 7 3499
11100101001110111001100111010001 5 2 3 2 20328317 3 41 2 3
11101011101010110001101111010011 7 4 75707 4 5 4 191 7 288896633
11111110101010100110010010101111 21 2 79 3 25 2 3 7 259600171
10010011100011010010110001100001 3 44 125 3 7 88 21 2 11
10101100111110011011011111011001 19 7 3 13 13 3 7 23 21
10000011000001001111110101110101 25 4 17 8 37 4 31 64 101
10100010010001001011001000010001 25 61 11 283 157217 5 157 31 17
11101010000000101100110011000111 21 299 21 3 5 3 3 7 3
11011110010011000111100111110111 3 25 3 3 613 3 21 1487 3
11100100111110110100100011010001 25 7 7 79 23 11 11 284058919 7
11100000011011000101111110100111 21 4 21 3 7 3 3 7 3
10010010100000001101110011000001 3 8 3 3 7 3 3 4 3
10011100011011110100001100010011 7 7 1163259451 4 17 2 2239 7 7
10000001010010111001100010111001 19 2 7 2 857 22 7 2 13
11111110100111110011001101000011 3 8 125 3 7 16 3 4 11
11111011010001000101100001110001 11 44 7 8 37 4 5 64 19
10111001000110100111000011001101 3 64 25 21 7 64 3 16 11
10001010011110101110000101101011 227 29 185 163 439 829 853 5 43
10101010110010001001001111000011 13 25 3 709 11 3 5 25 3
10011011101011111100001110110101 167 2 43 8 5 2 5 4 2520121
11110001110111111101000110010111 2599 29 3 37 97 3 7 11 3
10111100000001110010001010000101 5197 127 11 19 83 829 53 23 4159
11100101110000001101100111010111 19 8 3 2 3931 3 95 2 3
11011010101110000001110011010111 3 4 3 3 7 3 3 2 3
10101001001101111010001101011101 3 4 21 3 7 3 3 2 3
11111000110110000111010110001011 3 4 3 3 7 3 3 2 3
10111011001000111011101011100111 21 2 73 3 5 2 3 7 83
11101001001100110001100101100001 7 816971 3 89231 125 3 43 7 3
11001001000100100100100001001011 3 64 3 3 7 3 3 4 3
10111011011110011111011010000011 11 7 113 16 5 2 157 44 7
10000111111001001000111101101111 7 2591 137 563 127 599 11 7 1933
10011101010001110000111000001011 13 37 3 7 5 3 4385489 17 3
10110011001000110100111001001001 5 7 3 269 5 3 341 673 21
11001000001011001001101011000001 3 11 17 3 102611 109 3 13 307
11010011001001110011100001100011 3 8 25 3 7 16 3 32 11
11001010110000001101010110001101 17 7 3 37 5 3 32888197 97081 21
11011100100110000111001011000011 3 8 5 3 7 16 3 32 11
10011000000110111100010000111101 89 37 3 13 5 3 7541 257 3
11111011100110100101110111000011 3 8 5 3 7 16 3 4 11
11000101111000110001110110110111 3 157 11 3 1049 13 3 4663 73
11000111011101001000110111110111 1681 4 19 4 25 44 11 4 97
10000011101110001011001100111001 71 4 7 7 769 44 103 16 31
10011100110011101011011010100011 1367 8 3 2 2143 3 643651 2 3
11011001110010011101010101000011 97 23 5 962963 6521 41 59 485 2179
10101101100110110010011101001111 41 23 379 7 19 11 14101 3529 47
10100101001100100000011100111001 21 4 5 3 7 8 21 7 11
10011000110111000110011110000011 3 8 31 3 7 16 3 32 11
10100001000000111000010111101001 5 677 149 7 157 5 43 11 19583
10101111011111010110110001100011 3 8 5 3 7 16 3 4 11
10110000110100000010111001100011 7 2 359 2 50324717 2 7 7 13
10000001100111111010010001111001 3 176 5 3 7 32 3 16 11
11111100000110001111001101101001 3 4 3 3 7 3 3 2 3
11101111101000101101111101100011 21 11 3 3 5371 3 21 7 3
11110011001100100000111100101111 25 2 3 2 131 3 3143197 62 3
11000110010011111101011000110001 3 107 7 3 109 5 3 311 23
11000001000101001010011101100001 3 31 757 3 19 11 3 919591 17
10001101011011101111101110011111 11 2 7 2 19 2 71 2 631853
10111001111011110000111111100001 703 2 26114773 64 25 2 23 4 31
11100001111111111010100001011111 31 7451 3 27367 4755811 3 7 2957 3
11100000010111110111000000000111 3 25 3 3 5 3 3 47 3
11000001110110101100010000100111 17 25 3 7 11 3 5 61 3
10000111000001110101011011010011 131 44 53 176 17471 4 19 16 47
10100010000110100110111001100001 5 176 7 2 13 4 7 2 13
11011000101100010000101000110001 257 1061 17 67 11 11 6793 61 13
11001001111100001111101110010111 3 8 5 3 7 16 3 4 11
11101110111111101011011010101111 3 2 3 3 11 3 3 32 3
11010100010111110101011100111011 3 7 13 21 31 2 3 4 7
11001000111100010001101001001111 3 7 5 21 7 16 3 32 7
11111011110000110100111110100101 3 8 7 3 7 16 3 4 11
10000001111010011101111101000111 27961 2 3 2 11 3 11 62 3
10011111101110110000110111101011 3 41 3 3 101 3 21 283 3
11101001111100100000000110001001 13 2 7 22 113 2 7 2 6011
11010011100011010001000000110111 3 1879 3 3 5 3 3 31 3
10001000001001100001011000101111 3 7 299 21 31 43 3 73 7
10100101111001001000011010100011 3 19 3 3 5 3 3 434833233899 3
10110101101110101000111011111101 3 25 3 3 563 3 21 15159710431 3
10011000011001011000010001110011 125 2 11 2 703 2 7 2 169
11001010101000000000111101001001 3 7 11 21 31 5 3 73 7
10011101001011000101111100000111 3 61 416719 3 14717 11 3 11 2293
11110010111000000100110001100111 3 8 5 3 7 16 3 32 341
11000001100000010101110001111101 83 53 3 3583 5 3 11 5 3
10010110110111101110100000001001 317 2 11 4 2214731 2 5 8 785852219461
11000110010100011000000100101001 7 2 21 496 43 3 73 7 3
10111010011111011100110100100111 21 8 11 3 7 16 3 7 11
10011101110011011011010100011011 3 7 7 21 31 25 3 73 7
10010111010001000000100111001001 3 23 241 3 97 13 3 6493 683
11111100010100111001111100111101 3 311 3 21 11 3 21 18315179 3
11111100011101001011101110011001 3 8 5 3 7 176 3 4 11
10010010001100110010000111100011 97 2 31 2 13 2 7 22 1787448431
10011100111010110111010011101011 1697 62 47 8 125 22 137 44 1697141239
11011100110100110011100010010111 13 2 3 2 292276807 3 71 2 3
11100010110011000101110001001011 3 8 11 3 7 16 3 64 11
10111011111011101110001101100101 3 5 3 3 41 3 21 7669 3
11101001011100010101100101100111 11 16 3 7 11 3 17 2 3
11111100101111101110001111000011 3 7 3 3 79 3 21 139787 21
11010101001011111110000111010001 131 8 3 2 13 3 37 22 3
10011101101011101010000000100001 109 8 26681 2 41 4 7 2 811
10111110101100001010111011000001 23 23 25 11 7687 17 11 11 23
10011110011011100011001110001101 5 2 3 2 37 3 5 2 3
10010010011001100111100101101111 21 4 21 3 7 3 3 7 3
11111001101000111010111100000111 3 5 619 3 83 11985131 3 11 22612901
10010111001010110101110100001101 3 23 37 3 13 5 3 53 17
10001111001011100100011101101101 3 4 3 3 7 3 3 2 3
10011010011111010011101010001001 3 1163 41761 3 103 1502933 3 11 113
11011100010000011110011100101101 3 475 32413 21 2143928113 25872863 3 11 80212626041
11010011000010011101111101100001 21 4189903 3727 3 11 5 3 7 1221305464187
11001110100100101101110011100001 7 637369 11 53 11 1868717 13 7 13
11101110101101001000110101100101 3 4 21 3 7 3 3 2 3
11111001111100100101101010011111 5 1213 3 1091 29 3 7 37501 3
11111110011011010001101110011011 7 157 3 17 229 3 7 7 3
10011101001011001011100000010001 3 4 475 3 7 8 21 2 11
11001010111100000010111001001001 3 7 3 21 31 3 3 73 21
10001101100100000000000101110001 21 2327483 11 3 2293 109 3 7 52320311
10011011001101100110110011001101 3 4 3 3 7 3 3 2 3
10110100110101100111100001010011 3 4073 7 21 107 13 3 37 43
11001010011001101110111010101001 3 7 3 21 31 3 3 2 21
10101101111110001000010101111011 11 5 43 196713331 73 23 5 17 41
11010111110101110011011101011111 5 37 7 7 7 5 34747 11 17
11111000000110000000010101011111 3 5 3 3 5 3 3 59 3
10010011000110001000110101110001 25 2 257 2 23 2 7 2 1241
10100010001011110010100111101001 3 7 391163 3 18229 2 3 8 7
11101100111101000111010000111001 31667 2 3 2 283 3 167 2 3
10111010100000111101100111001101 27397 22 3 2 223 3 25 2 3
11101000010110100011110010010001 173 5 3 10399 11 3 5 326597 3
11000001001100011101110001110001 5 171383 3 7 5 3 67 125 3
11111000010010000000101001110111 13163 53 3 7 5 3 5641 1429 3
11110101111100001100100111101011 21 16 31 3 7 64 3 7 11
11100110100011001000010010111011 7 4 113 8 19 4 416491 7 13
10100111011110100100010101101111 7 47251 947 13 71191 37 727 7 13
11010010111001101111110101101101 246971 7 3 155657 11329 3 7 23 21
10010100011110011010011111101001 3 44 3 3 7 3 3 2 3
10101111110110110101100001111011 5 11 3 11 13 3 7 490742647 3
10110100111001010010110000001001 3 44 5 3 7 8 21 2 11
10110110110010010011110011000101 5 11 7 1819 13 11 167 11827 1297
10001110000010100000000110111111 7 88 19 2 53 4 7 7 17
10011010100010010011100011101001 5 11 3 17 5 3 113 5 3
11011101101100110100110001011111 457 4 23 4 5 4 4990463 4 41
11111011110100001100101111011001 3 7 5 21 7 64 3 4 7
11010011101001110001001110100111 3 7 3 3 7 3 3 2 21
11100000011100000100000000111011 21 7 21 21 7 3 3 7 21
11000110110000010011110110001011 3 88 25 3 7 16 3 64 11
10010100100101011001001000011101 227 32 29311 2 67 4 7 2 929
10000110010000101000001011100011 11 7 3 4 29 3 23 4 21
10011011111001011000000101011101 3 229 31 3 773 59 3 23 19
11001100110111110101101111110011 31 2 23 2 23 2 71 2 13
11100011110111001111101001011111 3 44 7 3 7 8 3 2 11
10111000111110011101100101100111 3 7 5 21 7 16 3 4 7
11110011111000000011110100010001 7 2 181 4 1213 2 19 7 5669
11100000000001011100101000011111 3 7 25 21 7 8 21 2 7
11111100111100100000100110000001 521 5 3 67 5 3 25 280497803 3
10110000001010100000001100100101 3 7 97 21 31 43 3 73 7
10011000101101101110110011000011 3 251 73 3 1291 11 3 131 2052041
10001111000101000101111010101111 3 7 3 3 7 3 3 2 21
10000110101010000110111001110011 1819 7 7 8 1297 4 17 32 7
10100110111010101110111101001011 3 2 192415637 3 5 2 3 4 9199
10101011100010100000011001010011 823 352 7 2 226423073 4 7 22 163
11011000101100001000000011101001 3 7 19 21 31 11 3 73 7
10111001001110010001110001001001 11 5 3 97 11 3 5 11 3
11111011100011011110011010111001 21 475 3 3 7487 3 21 7 3
11110101010000001100010100001111 7 5 21 31 5 3 125 7 3
11001111111001001010000001101101 12347 7 534814591 19 23 11 2143 19 7
10110101101101111001110101000111 7 7 416417 4 5 4 1283 7 7
10111100110110110111000011000001 7 5 928771 7 69249529 1217 5 7 196459
10000001000111101011101010101001 239 488309 3 41 5 3 19 5 3
11000111111110010001100111111001 121351 22 838919 8 5 22 307471 4 13
11010101101000100101011001111001 3 169 168089 3 1801 1130737 3 11 17
11111001010010110001111100101111 3 16 25 3 7 64 3 4 11
11100101110000011101011001011101 3 2 3 3 11 3 3 2 3
11100010011011010110000000011111 3 16 5 3 7 32 3 16 11
11111111001110100011010011111011 281 22 337 2 2027 2 19 2 73917341
10001110010001000000111100011011 3 4 7 3 7 8 21 22 11
11010010010000010001101111100101 3 11 3 3 25 3 3 155003 3
10000011111101010000010111010011 59 4 61 7 1279 4 1494907 16 103
10100110011100010111100111001101 95 2 3 2 37 3 95 2 3
11100000101011111011111001110011 7 4 113 4 5 44 41 7 937
10010001011001000100001100001001 3 2239 79 3 11 643 3 2249 29
10011101111111010110100111101011 3 4 5 3 7 8 3 2 11
11001011110001100110001100100101 3 32 5 3 7 64 3 16 11
11111001000011101111100001111011 127 2 23 32 31 2 11 124 223
11110110010010000110010101101111 5 2 3 2 47 3 170570839 2 3
11100001000010001000000011110011 47 2 3 8 181201 3 167 44 3
11010010111111111000101110001101 5 2 25314937 8 5 2 26881 4 128240533387
11110101000110001101001100010001 31 31 3 7 5 3 1165795277 25 3
10010010000010101010110001001111 30649 7 1723 2 22123 4 7 2 7
11100001000100010100100001100011 31 2 3 8 83 3 4273 4 3
11101000000101101011110100011111 3 4 3 3 7 3 3 2 3
10110000010101010110000110100011 17749 7 41 2 13681 2 7 2 7
11101100010010101001000101100001 3 4 7 3 7 8 21 2 11
11010010000110100101011011111101 5 7 3 2 37 3 125 22 21
10110100010010001010001111111011 3 13 11 3 17 53 3 947 12451
11010010011011000001101111100001 3 7 5 3 7 32 3 16 7
11110011001001000001101100001001 3 4 5 3 7 8 21 2 11
11111111110001101100100000110001 3 7 3 3 7 3 3 2 21
10011101010011000110111011011101 3 25 113 3 11 201307415741 3 37 211
11011011101100010000100010100101 7 13 21 31 5 3 13 7 3
10011000111010100100010011110101 3 32 7 3 7 64 3 16 11
10101111100100011110101011001011 5717 5 11 11 680873 13 11 25 13
11110010110101111001110000010111 3 7 7 3 293 79 3 11 7
11000011101101010000110111000101 703 4 947 16 11 44 19 16 472830753281
10101101001000011001101110111001 3 13 37 3 769 241 3 43 19
11010110100111110011101001100111 3 32 5 3 7 352 3 4 11
10110101111000000010000100000111 5 19 41 61 19 5 23 43 137
11000101010010001110000010100101 29 307 71 13 131 15052447 1423 138124440301 17
10111000101000000011110001111001 3 61 3 21 5 3 3 541 3
10010010111001100010101111000001 3 1523 3 3 485 3 3 23 3
10001100111110010111110100010101 25 16 3 7 97 3 91621 22 3
11110010011110100111111000101111 3 167 3 3 113 3 21 241 3
11101010000110001100000011111001 3 31 3 3 95 3 3 11 3
11000101001100101000101011011101 3 8 5 3 7 16 3 32 11
11111001001010111100011101001111 3 8 185 3 7 16 3 4 11
11110011011001110101010000011011 7 8 3 2 1160147 3 5 7 3
10010111101110000010001100100011 3 7 3 3 95 3 3 47686231 21
11001011010110110001000000000111 31 22 7 2 11 2 7 2 19
10100110000010011000100011100111 7 16 11 2 48079 4 7 7 475991418854221
10000100011001010110011111000011 3 56053 3 3 25 3 3 1109 3
11110010000101000011010110011101 7 4 13 64 149 4 641 7 491
10100101001010111010000001011011 3 11 3 3 11 3 3 101 3
10110000011000011010111011111011 19 8 3 2 29 3 9949 2 3
10101101011110100001111110100011 3 5 3571 3 601 2833 3 20011 60497
10000110001101101100100111110111 3 7 3 3 7 3 3 2 21
11011111101100110110110000101101 3 7 5 21 7 16 3 4 7
11000110110000010001110010001011 3 4 25 3 7 8 21 2 11
11010011101110010001110110010101 19 32 3 7 15919 3 43 22 3
11110011010100110110111001110011 163 2 27442721 16 5 2 19 4 109
10111000111111111111100101101111 17 2 3 4 29 3 37 32 3
11001100011001001010011011111011 169 2 3 2 11 3 312667811 2 3
11111000110110000000100100111101 21 8 5 3 7 16 3 7 11
10000101111010011011000010100101 983 7 3 1861 5 3 5 3110370190891 21
10110001011010100010101100011011 7 4 47 704 29 4 5 7 958843681
10000101000111010110111111111101 1693 44 19 4 25 4 37 4 13
11110000001101101001101111001011 11 2 21 7 703987079 3 234547 2 3
10000001011101000010111111010111 3 7417 7 3 46664773 101 3 37 1086389
11010010010001111010110001000111 37 2 13 4 47 22 5 8 31
10011001011101010000000100000011 5669 4 3 4 20773 3 317 4 3
11010100101101011111100111110101 151 7 3 703 61927 3 7 25 21
11000111100001001001001110000011 3 4 5 3 7 8 21 2 11
11011011001110010000001101111011 3 4 21 3 7 3 3 2 3
10010100000110010100010110000011 13 4 3 4 59 3 30028729 124 3
11100001010010110001011111101101 475 2 3 2 37 3 125 22 3
10110110001100100111001111011011 13 5 23 5975951 674403557 7237 11 173 2239
11000010111100001110010011001101 3 8 5 3 7 16 3 32 11
10000101010000010101010001111001 1987 143821 2843 3301 7 41 223 751 191
10111000000010111100101011100001 7 5 21 31 5 3 5 7 3
11011111101100110001101110100001 5 125 43 277 83 5 5 23 306511
11001010111000111000011101110001 7 457 2297 6478957183 47 13 47 7 31
10000010100111011001110001001011 13 43 3 17 5 3 313 761 3
10101001010001000101000000010011 21 11 501149321 3 37309 6719 3 7 17
11011011110100110001000001000011 3 11 3 21 11 3 3 703 3
10101110101001010000101001000011 163 8 79 22 173 4 7 2 5641
11000110111000001001101100111101 1091 47 7 23 13997 1027 3697 2099 449
11010110010111110101111010100111 3 11 3 3 61 3 21 2366537 3
10001111000110011110011010010111 3 4 21 3 7 3 3 2 3
10011110100100111100111110110101 3 8 5 3 7 16 3 4 11
11000011001000010011001011101011 3 11 3 3 5 3 3 13 3
11001010010010000110010001010011 29 419 11 853 1321 1534669561 1019 349 409
10111010010011101111010000000011 23173 2 79 7 1311047 2 269 8 19
10000011111101110110001000111101 21 7 21 21 7 3 3 7 21
11000100110101001011111000100001 1699 7 3 349 5 3 5 11 21
11011010001000010000111100011101 5 317 3 1213 5 3 61 29303 3
10000001011011011101100100010001 7 64 149 2 11 4 7 7 47
10000110001101000000010010011011 3 8 3 3 7 3 3 44 3
10100000110101001101101000111001 19 7 3 27695137 5 3 25 7039 21
11000111110011101110000101011111 11 2 3011 8 31 2 193 4 233
11001100010001101011000000001001 21 8 3 3 7 3 3 7 3
10001110111010111001011000001011 61 10789 5 127 59 11503 23 5 337603140691
10110111001010111100000011111101 19 101 37 17 19 11 397 18287 16127
11010111111111101110101011011101 3 64 3 3 7 3 3 8 3
11000111110101011101000011001101 3 2 3 21 3271 3 3 2 3
10111111011111110101000011101011 3 4 5 3 7 8 3 2 341
10000111110111010011110000101101 1373 2 3 2 1652307655571 3 17 2 3
11111001101001001001010100000001 47 2 383 7 11 2 7 2 79
10001011110101110000011101010111 23 16 3 2 103 3 11 2 3
11110010010000100110001100011111 3 16 7 3 7 32 3 16 11
10110011000101001011111000010001 1291 7 3 11 5 3 2649001 919421 21
10101110011111011101110001011001 7 2 313 88 5 2 5 7 107
10010000001100101101001110101111 5 2 19 4 11 2 89 88 44087
10111011001111111011100001000011 3 7 41 3 17 97 3 37 7
10110100101100111010010111100101 3 7 3 21 7 3 3 2 21
11000111101101011000101011110111 3 8 5 3 7 16 3 4 11
10000010100000110010101011000011 3 7 3 3 61 3 3 44 21
10100111010110110000111101111011 21 248 5 3 7 16 3 7 11
10100010011010100100011010110001 5 32 12695849 2 11 4 7 2 17
10010011010100101100100101101011 3 8 5 3 7 16 3 64 11
10000000011101100000100101011101 3 7 169 21 31 11 3 73 7
11000000110111111001000011110001 5 7 433 4 991 2 107 8 7
10101111100101011100011110100111 3 8 5 3 7 16 3 4 11
10001011100100010110101110011001 13 7 191591 4 11 2 11 8 7
10111110100010101001010011011101 17 2 3 2 11 3 233617 2 3
10011100111100001100011100111001 84211 5 7246693 1901 211 11 5 86073113362499 41
11101000011010011111000000111111 5 2 3 2 37 3 5 2 3
11001011001100111110101010110001 5 176 3 2 170167 3 23 22 3
10101100011100000110101110000111 7 2 1613 4 341 2 11 7 35084747
10100010011100010000101011110001 13 2 401 2 1721 2 7 62 17
10110001101110111111001001010101 37 2018117 23 49993 11 181 6405463 2749 67
11100100010011110010111010111101 11 47 7 7 1039 179 11 179 887
10101111110011110011000010100111 3 179 7 3 109 101 3 80065031677 50101
10010111111111100110000001111011 3 32 5 3 7 32 3 4 11
11101000011001101110100110010101 11 5 157 167 2119 479371 5 29 31388509
10001101100100101000100101010101 6029 2 19 2 17 2 7 2 765971
10010101000011010010100100101011 3 4 5 3 7 8 21 2 11
10010101000110101100011011100011 3 32 5 3 7 704 3 16 11
11001100101010110100010001110011 3 8 5 3 7 16 3 32 11
11110101100001011010011011010111 3 73769741 389 3 367 5167 3 13 1721
11001111110011100010011011011111 7 17837 3 17 157 3 7 7 3
10000001101100101101111111011001 3 7 3 21 7 3 3 2 21
10101001101001000000111100101111 95 4 19 8 37 4 5 64 101
10011101111001100000100100011111 439 25 149 397 13 46171 5 17 31
11111101101000110001011100100111 97 7136593 151 19 17 17 11 261881 53
10111011100011011111101111110001 185 2 41 2 1051 2 2459 2 31
11101010110000110110101010010111 13 16 3 2 163 3 31 2 3
10000000110111100100001101000001 11 7 3 8 107 3 881701903 4 21
10100100100011000101000010001011 7 7 21 248 43 3 11 7 21
11001100011001010110100011010011 5 7 3067 4 11281036583 2 883 8 7
11100010000001001100001111110001 3 4 5 3 7 248 21 2 11
10001101001111101010000011100011 2375 4 7 8 31 4 5 352 901
10110110000100001101001010000001 21 496 21 3 7 3 3 7 3
10000101011101101001110011011111 3 83 7 3 5471 5 3 20759 23
10101011100110100000010000100111 89 352 7 22 47 4 7 2 169
10000100101110100110011100010001 3 4 7 3 7 8 21 2 341
10110110111000101101110111001001 25 109 381443 41 4111 5 31 547 743
10000101010110110010011010101101 3 64 7 3 7 64 3 16 11
10111101000100111100011111011011 5581 7 10705693 64 11 2 25 4 7
10000010111010100111011110011101 125 7 3 2 37 3 5 2 21
10011010010000101010011100000011 3 77167 41 3 41011 5 3 53 19267
11010000010111010110100000010101 3 2 1742773 3 67 2 21 2 157
10111011010011000011001011011001 7 2143 7 440422291 17 5 1051 7 299
11011111010010101000110011110001 3 4 3 3 7 3 3 62 3
11010101101011001111100000001011 137 3407 29 43 12911 13 11 31 61
10010011111000110000010110100101 37 5 3 43 5 3 5 113 3
11000110100010000101100011010101 5 2 31 2 563117 22 7 2 1901
10001110100110111001100010100011 3 2 331889 3 41 2 3 8 23
10000111111101100011011011101101 3 8 11 3 7 16 3 4 11
11000110001110101011010111100101 21 4 21 3 7 3 3 7 3
11100000011010011010001101001011 3 2267 21 3 5 3 3 157 3
10011011000001011111011101001101 169 7 3 2 1312823 3 19708693 2 21
11100001100011111000100110001011 23 4 3603329 16 2295269 4 25 16 17
11000111000000100011011111010001 3 1843 3 3 25 3 3 4280741 3
11101111110000001010110011100101 7 2 21 62 43 3 5 7 3
10011100010010100001000011001111 3 4 7 3 7 8 21 2 11
11101100000000101011001110110001 3 5 3 3 5 3 3 281 3
10101110111001111001000101000111 3 4 3 3 7 3 3 2 3
10000100110010110011010110011011 3 32 5 3 7 64 3 16 11
11100111000001100100010000111001 31 2 169 2 23 2 7 2 472284998651467
10101101110111010111101001110101 3 367547 3 3 457 3 21 1609 3
10011001001010110010010011000101 3 4 5 3 7 8 21 2 11
10101000110011001000101011000001 367 7 7 4463 89 32413 111187 5 7
11011100000000010101110011100101 7 13 21 31 5 3 299 7 3
10010110000110011111010101110011 7 8 3 2 139 3 919 7 3
11001111111000000000001111001101 3 16 5 3 7 32 3 16 11
11001110111001100000111001101101 13 2 3 2 97 3 11 2 3
11111110010111100011001011010111 31 7 3 17 13911773 3 7 137 21
10011110111101101010011101110011 97 17301619 3 89 16127 3 7 11 3
11110011010110100011110100010111 3 7 83 3 169 19 3 11 7
10110010111001100011111110101011 3 2 607 3 5 22 3 4 463
10000011011000110010101001100101 967 7 1907 2 3979 2 7 2 7
11100110101100000100001001101011 3 127 3 3 5 3 3 79 3
10100101000010100011011111000111 3 8 3515 3 7 16 3 64 341
11100101100011001010111010110101 7 2 21 62 43 3 11 7 3
11111001000111100000100111100001 3 16 5 3 7 32 3 16 11
10001011100101001110111111111101 83 101 3 7 16965345469 3 7 323590799143 3
11011001100110010101101110011111 5 62 67 7 5 2 5 4 653
10001001110010110100011111100101 5 587 22093 11 97 11 199 1789 31
11010111000000010110110000100101 7 176 1061 7 11 4 7 7 748272821
11100011101100100111011001100001 5 5 7 130540831 11 5 11 1269869 17
11111111010000000101100100101101 21 192617 2599 3 1551001 18307 3 7 389
10110011101111001101111010111001 3 11 3 3 28087 3 21 32207889700417 3
11111011001110110010110101100111 11 19 3 131 211 3 7 53 3
10011100111000100001111101011011 3 4 3 3 7 3 3 2 3
10110000110010110100000100010111 443 2 359 62 829309432723 22 7 2 197
11000101100111010101101110011101 2671 2663 25 233 23 11 409 11 16433
10101101111000100111011100011001 3 4 3 3 7 3 3 2 3
11101100110000001100010001001001 7 37 87743927 241 19 59 337 7 105269
10011001110101001110100110000001 7 299 21 31 5 3 12169 7 3
11011100010001101100110110111111 643 2 11 32 5 2 211 4 23
11100111111011111000000111000111 3 32 5 3 7 32 3 4 11
11101000111011111111000000001101 113 2 3 2 2035140727 3 1383199 22 3
11111111000111001100101000000101 5 59 7 3797 239 5 59 19 13
10010100110010101010111011001111 31 8 3 2 41 3 977 2 3
11111101010011010101001100001111 11 89 7 7 47 13 367 5 139
10000110011000011011000101001101 7 2 13 2 37 2 7 7 101
11011001010001101001110010100101 4567 2 7 4 1817 2 95 8 1226240033
11111100100111010001000101100011 3 7 2207 3 59 5 3 23 7
11011000001000001000110101001001 21 8 3 3 7 3 3 7 3
10100101001010011111101001110001 11 5 31 769 499 13 31 89 289
11101001011110001000010110100111 211 173 47 7 8283053 29 191 181251422347 59
11110110101110110111100110110111 6151 47 19 11 180667291913 271 205382399 229 43997
10100000101110100011110100111011 13 7 7 23 29 31 29395342759 5 7
11010000010111110011101010100001 21 8 5 21 7 16 3 7 11
11101000001001110010001100111111 3 7 13 21 31 23 3 73 7
10000100011000111100011010111011 7 2 12653 4 2207 2 283 7 19
10111011000110111001010000011111 3 7 3 21 7 3 3 2 21
11001110001101101110111000110111 31 7 157 64 5 2 769 4 7
10001101101100000100101100010011 21 4 185 3 7 8 21 7 11
10011000000011011000001111100111 17 5 3 7 25 3 5 79 3
10110100000101100010001011000111 3 4 11 21 7 88 21 2 11
10010110110001001001000001011101 7 64 2957 2 11 4 7 7 19
11101011101100110000101001000001 3 5 3 3 11 3 3 577 3
10010101001101011111100110001011 25 2 3 22 13 3 19 2 3
11010010000011001101110001100101 3 7 3 3 5 3 3 71219767 21
11010001101000000010111101110011 3 16 5 3 7 32 3 16 11
10101000100110000000100101010001 5 2018453 875536247 11 1399 25 9127 593 1721
10101010010111110001110100011011 3 4 3 3 7 3 3 62 3
10111010000100110000010101011001 169 2 23810419 22 389 2 7 2 5231
10001101010001000001010110001001 31 4 3 4 11043187 3 11 4 3
10000011110010111101010101100011 13 11 5104469 1283 11 20479 29334709647791 347 877
11000000010101100100110011010101 3 2 162960277 3 13 2 21 2 1117
10001001010000101111010101111111 485 2 3 2 37 3 5 2 3
11010101101010111100010000101001 3 8 5 3 7 16 3 32 11
11010010110111000110011011110001 101 22 21 2 173 3 509 2 3
11000010110111010101101101110011 3 7 89 3 953 97 3 2175769 7
10011011000011111001010110111001 21 4 3 3 7 3 3 7 3
11111001100111001101001001111011 3 8 95 3 7 16 3 4 11
10111000011110010111101001101011 3 7 13 21 31 43 3 37 7
10011110100000001110111001010101 3 32 11 3 7 64 3 16 11
11110001101111111101001001110111 7 2 13 2 113 22 47 7 58417
10101011000100110011111110000001 23 2 58391 7 5951551 2 169 8 533971
11001001100011100001110011110011 7 19 199 59 331 17 71 7 17
10011010101011010110010100110011 71 25 43 61 11 107 5 281 20764213
11110000101000000101111100101001 337 7 3 73 5 3 223 22023409 21
11100001000010101111111101001111 7 761 11 109 356563 61 16109 7 1618136376141749
11111110100110101010011011111011 21 2 17 3 37 2 3 7 23
10001011010111101100001100010101 13 2 13 4 2963 2 11 8 19
10101001101111110101100000101001 3 110702477 381532339 3 317 13 3 1013 341083
11001101001100011010001100011011 3 7 185 3 7 64 3 176 7
10101000010010001110101100110011 11 31 3 11 5 3 43 5 3
11001001011111101100011000001001 3 16 5 3 7 32 3 16 11
10110111101001001000101111010011 17 22 3 7 19 3 59 2 3
10111001101100101110001110011101 3 43 677 3 104309 12517 3 11 53
10011101100000111101010000010101 7 13 21 31 11 3 73 7 3
10010100101011100100001010011011 3 433 3 3 5 3 3 11 3
10111100000101011011101000100001 10939 83477 3 727 5 3 8941 19 3
10100111100100100101000100110101 3 2969 3 3 5 3 3 17 3
11011000011001000011111010001001 5 59 3 11 25 3 41 37 3
11010001100100101011110110101101 3 44 3 3 7 3 3 2 3
11111100001100101011011011000001 31723 313 37 757 1151 1903936823 880673 13 1373
11011111001011001111011111111111 7 1033661 47 7 5 47 71 7 83177
11000010100111011110111001000011 43 185 7 163 13 173 5 269 5639
10010010101111100110010000010001 3 4 25 3 7 8 21 2 11
11101011011000101011010101001111 1049 7 1699 59 7457 11 5 67 7
11010110000001100011010000001101 3 31 331 3 271 5 3 23 31
10000011011011100110111001100011 3 7 7 3 19 125 3 113 7
11000010110100110011100011100101 3 32 5 3 7 64 3 16 11
11000000100001111010001001111111 101 7 7 4 29363 62 431 8 7
10110101000000011000101110001111 7 13 21 31 5 3 13 7 3
11100010001011011100110100100001 7 37 21 31 11 3 11 7 3
10010101111010001011010101001101 21 151 31 3 78167 521 3 7 17
10111110011011111010100100010011 3 7 13 21 31 43 3 37 7
11110000000000000110010001101101 7 2 21 248 43 3 5 7 3
10110111000000001011100100011011 5 7 3 761 5 3 25 97 21
11011001111100110000101011011111 21 8 11 3 7 16 3 7 11
10011100010011111111110001110111 3 25 3 3 151 3 21 43 3
11101011111011000101111001101001 25 2 1465583261 32 5 2 3645711077 4 1193
10100001111010110000010100110001 21 4 11 21 7 8 21 7 11
10010111111110101001001110010001 3 4 3 3 7 3 3 2 3
11011011000000001110010101000001 3 13 22123 3 17 11 3 739 12041
10000111100011001011110101101001 11 5129581 11 7 151 421 53 29 23
10101100100011000111110100000101 17 389 3 1423 5 3 169 101 3
10000000101001100100011001100101 3 16 3 3 7 3 3 4 3
11110110110001011101110101101111 95 7 10133 2 281 4 1469452651 2 7
10110100111101001010011010100011 3 7 13 21 31 43 3 73 7
10010011110011100011110000000011 11 31 21 61 11 3 47 137 3
10110011011010011100100110010001 3 7 5 21 7 16 3 32 7
11110011011110010111010010011101 7 4 19 4 5 4 11579 7 19
11010100101001111111010011100111 17419 2 11 32 5 2 5 4 13
10000101000010011000010011010001 3 53 11 3 139 19 3 1747 73
10100110100010001001010000101111 2393 7 151 2 4639 4 7 2 7
11001110110000001000100011110001 5 7 101 2 927006229 2 7 2 7
10101011010110111101111101110001 7 13 21 31 43 3 7 7 3
11011000000100111000111000010001 11 17 173291 419 193 487 13 17 19
11011001110001110111100010000111 97 2 3 2 4999 3 143627275969 2 3
11101101000111101111001100000001 31 37 191 47 18419 19 47 101 1045367
10010100010101000101010011010001 21 6008969 163 3 46549 185 3 7 433
11001101101110001100100001010001 5 125 3 29 5 3 5 67 3
11101000000101011011100111011001 5 23 11 7 547 25 2819 169 163
10110001100011111101011000011011 3 4 3 3 7 3 3 2 3
11110010010100111100100111001011 3 4 3 3 7 3 3 2 3
10010011101001011110010011001001 3 8 31 3 7 16 3 64 11
11100000110011101111010000110001 3 88 5 3 7 16 3 704 11
11001101000110101010111111101101 167 2 7 352 5 2 25 4 19
11000000011000010001100100000001 3 1449911 3 3 41 3 3 83 3
11110010001001111100110110001111 17 97 1855001 43441 19 95094151 103573 4013 919
