Case #1:
1100011000110111 7 5 3 31 43 3 5 7 3
1011111111111101 3 2 5 2 7 2 3 2 7
1000101001000011 5 2 3 2 17 2 5 2 3
1100000111110101 3 2803 3 3 293 3 3 11 3
1011011111111111 3 2 5 2 7 2 3 2 11
1101010111010111 13 19 5 7 3089 71 1583 5 3322987
1111010010001111 3 2 5 2 5 2 3 2 11
1010000111011001 3 2 5 2 7 2 3 2 11
1110011011000111 3 2 5 2 5 2 3 2 11
1110110101010011 5 2 17 2 5 2 5 2 43
1111010011110011 73 359 7 7 463 313 76079 23 173
1101000110001111 11 5 3 11 61 3 5 31 3
1110101010110001 3 7 3 3 19 3 3 7 3
1011101000001001 3 7 13 3 31 5 3 19 7
1000010100110001 7 2 3 2 43 2 73 2 3
1101011100100011 5 1543 3 1997 41 3 11 4483 3
1010010010001001 73 2 3 2 19 2 37 2 3
1001111000011001 3 2 5 2 7 2 3 2 11
1101101011000001 3 2 5 2 7 2 3 2 11
1101111011001111 3 2 3 2 7 2 3 2 3
1101111000111111 3 2 3 2 7 2 3 2 3
1000011110100011 13 2 43 2 342799 2 11 2 199
1100000011000001 5 1993 139 29 5 5 2273 389 29
1011111111111011 7 2 257 2 139 2 7 2 73
1110101110111101 29 2 3 2 1549 2 47 2 3
1100111011010101 13 2 67 2 5 2 499 2 113909
1011100001111101 3 2 5 2 5 2 3 2 11
1000110110011101 7 13 3 31 43 3 73 7 3
1110100001111011 5 2 17 2 5 2 5 2 61
1011011100111011 7 89 313 13 674449 1170667 379 7 109
1001011001101011 7 787 3 19 757 3 11 7 3
1100001001001001 3 2 3 2 7 2 3 2 3
1000100111110001 3 2 5 2 7 2 3 2 11
1100101100001011 59 2 7 2 13 2 1549 2 167
1110111001000001 3 2 5 2 7 2 3 2 7
1101111000000011 3 2 5 2 7 2 3 2 7
1101110010110001 7 5 3 11 43 3 5 7 3
1110001111001101 3 2 5 2 5 2 3 2 11
1100001110001101 3 2 5 2 7 2 3 2 7
1100010000101001 3 2 3 2 7 2 3 2 3
1100100011010111 5 13 3 31 43 3 73 7 3
1110100101001001 3 2 5 2 7 2 3 2 11
1010110000000101 3 2 3 2 7 2 3 2 3
1101001001110011 5 19 3 53 11 3 4517 149 3
1110000101110101 3 11 3 3 14009 3 3 191 3
1010001001001001 5 2 3 2 37 2 5 2 3
1011111001100101 3 2 5 2 5 2 3 2 11
1100000110001111 3 2 5 2 7 2 3 2 11
1101010000010011 3 7 13 3 13 43 3 73 7
1011100110001111 67 2 53 2 5 2 34457 2 13
